%% Values for 100Td background and 10ms Stimulus
%Contrast as given by number after underscore
%2nd column is Time
A_1=[-3.774433834925*10^(-2),	6.888260254597*10^(0);
    -3.774433834925*10^(-2),	7.998585572843*10^(0);
    -3.774433834925*10^(-2),	1.021923620934*10^(1);
    -3.774433834925*10^(-2),	1.132956152758*10^(1);
    -3.774433834925*10^(-2),	1.243988684583*10^(1);
    -3.774433834925*10^(-2),	1.299504950495*10^(1);
    -3.774433834925*10^(-2),	1.299504950495*10^(1);
    -3.774433834925*10^(-2),	1.355021216407*10^(1);
    -3.774433834925*10^(-2),	1.466053748232*10^(1);
    -3.774433834925*10^(-2),	1.632602545969*10^(1);
    -3.774433834925*10^(-2),	1.799151343706*10^(1);
    -3.774433834925*10^(-2),	1.910183875530*10^(1);
    -3.774433834925*10^(-2),	2.021216407355*10^(1);
    -3.774433834925*10^(-2),	2.187765205092*10^(1);
    -3.774433834925*10^(-2),	2.298797736917*10^(1);
    -3.774433834925*10^(-2),	2.409830268741*10^(1);
    -3.774433834925*10^(-2),	2.465346534653*10^(1);
    -3.774433834925*10^(-2),	2.576379066478*10^(1);
    -3.774433834925*10^(-2),	2.687411598303*10^(1);
    -7.518872169175*10^(-2),	2.798444130127*10^(1);
    -7.518872169175*10^(-2),	2.964992927864*10^(1);
    -7.518872169175*10^(-2),	3.076025459689*10^(1);
    -7.518872169175*10^(-2),	3.242574257426*10^(1);
    -7.518872169175*10^(-2),	3.353606789250*10^(1);
    -7.518872169175*10^(-2),	3.464639321075*10^(1);
    -7.518872169175*10^(-2),	3.742220650636*10^(1);
    -7.518872169175*10^(-2),	3.742220650636*10^(1);
    -7.518872169175*10^(-2),	3.686704384724*10^(1);
    -7.518872169175*10^(-2),	3.908769448373*10^(1);
    -7.518872169175*10^(-2),	4.019801980198*10^(1);
    -1.126331050342*10^(-1),	4.186350777935*10^(1);
    -1.126331050342*10^(-1),	4.352899575672*10^(1);
    -1.500774883767*10^(-1),	4.463932107496*10^(1);
    -1.500774883767*10^(-1),	4.630480905233*10^(1);
    -2.624106384042*10^(-1),	4.797029702970*10^(1);
    -3.747437884317*10^(-1),	4.852545968883*10^(1);
    -4.496325551167*10^(-1),	5.019094766620*10^(1);
    -5.245213218017*10^(-1),	5.130127298444*10^(1);
    -6.368544718292*10^(-1),	5.185643564356*10^(1);
    -7.117432385142*10^(-1),	5.241159830269*10^(1);
    -8.240763885417*10^(-1),	5.352192362093*10^(1);
    -9.364095385692*10^(-1),	5.407708628006*10^(1);
    -9.738539219117*10^(-1),	5.463224893918*10^(1);
    -1.086187071939*10^(0),	5.574257425743*10^(1);
    -1.161075838624*10^(0),	5.574257425743*10^(1);
    -1.273408988652*10^(0),	5.629773691655*10^(1);
    -1.310853371994*10^(0),	5.685289957567*10^(1);
    -1.348297755337*10^(0),	5.685289957567*10^(1);
    -1.423186522022*10^(0),	5.685289957567*10^(1);
    -1.498075288707*10^(0),	5.851838755304*10^(1);
    -1.535519672049*10^(0),	5.962871287129*10^(1);
    -1.610408438734*10^(0),	6.129420084866*10^(1);
    -1.535519672049*10^(0),	6.295968882603*10^(1);
    -1.535519672049*10^(0),	6.407001414427*10^(1);
    -1.423186522022*10^(0),	6.462517680339*10^(1);
    -1.310853371994*10^(0),	6.629066478076*10^(1);
    -1.198520221967*10^(0),	6.740099009901*10^(1);
    -1.123631455282*10^(0),	6.740099009901*10^(1);
    -1.048742688597*10^(0),	6.795615275813*10^(1);
    -9.738539219117*10^(-1),	6.906647807638*10^(1);
    -8.615207718842*10^(-1),	6.962164073550*10^(1);
    -7.117432385142*10^(-1),	7.017680339463*10^(1);
    -5.619657051442*10^(-1),	7.128712871287*10^(1);
    -4.870769384592*10^(-1),	7.295261669024*10^(1);
    -3.747437884317*10^(-1),	7.406294200849*10^(1);
    -1.875218717192*10^(-1),	7.572842998586*10^(1);
    -1.500774883767*10^(-1),	7.739391796322*10^(1);
    -1.500774883767*10^(-1),	7.961456859972*10^(1);
    -2.624106384042*10^(-1),	8.072489391796*10^(1);
    -3.372994050892*10^(-1),	8.183521923621*10^(1);
    -3.747437884317*10^(-1),	8.239038189533*10^(1);
    -4.121881717742*10^(-1),	8.350070721358*10^(1);
    -4.870769384592*10^(-1),	8.516619519095*10^(1);
    -5.245213218017*10^(-1),	8.627652050919*10^(1);
    -5.994100884867*10^(-1),	8.738684582744*10^(1);
    -5.994100884867*10^(-1),	8.849717114569*10^(1);
    -5.994100884867*10^(-1),	8.960749646393*10^(1);
    -5.619657051442*10^(-1),	9.127298444130*10^(1);
    -5.245213218017*10^(-1),	9.182814710042*10^(1);
    -4.870769384592*10^(-1),	9.293847241867*10^(1);
    -4.496325551167*10^(-1),	9.460396039604*10^(1);
    -2.624106384042*10^(-1),	9.682461103253*10^(1);
    -1.500774883767*10^(-1),	9.849009900990*10^(1);
    -7.518872169175*10^(-2),	9.960042432815*10^(1);
    -2.999550067475*10^(-4),	1.012659123055*10^(2);
    7.458881167825*10^(-2),	1.023762376238*10^(2);
    1.120331950207*10^(-1),	1.029314002829*10^(2);
    1.494775783632*10^(-1),	1.034865629420*10^(2);
    1.494775783632*10^(-1),	1.040417256011*10^(2);
    1.494775783632*10^(-1),	1.057072135785*10^(2);
    1.494775783632*10^(-1),	1.079278642150*10^(2);
    1.120331950207*10^(-1),	1.112588401697*10^(2);
    3.714442833575*10^(-2),	1.123691654880*10^(2);
    -2.999550067475*10^(-4),	1.145898161245*10^(2);
    -2.999550067475*10^(-4),	1.168104667610*10^(2);
    3.714442833575*10^(-2),	1.201414427157*10^(2);
    3.714442833575*10^(-2),	1.223620933522*10^(2);
    3.714442833575*10^(-2),	1.234724186704*10^(2);
    3.714442833575*10^(-2),	1.251379066478*10^(2);
    -2.999550067475*10^(-4),	1.268033946252*10^(2);
    -2.999550067475*10^(-4),	1.284688826025*10^(2);
    -2.999550067475*10^(-4),	1.312446958982*10^(2);
    -2.999550067475*10^(-4),	1.323550212164*10^(2);
    -2.999550067475*10^(-4),	1.340205091938*10^(2);
    -2.999550067475*10^(-4),	1.362411598303*10^(2);
    -2.999550067475*10^(-4),	1.367963224894*10^(2);
    -2.999550067475*10^(-4),	1.384618104668*10^(2);
    -2.999550067475*10^(-4),	1.395721357850*10^(2);
    -2.999550067475*10^(-4),	1.412376237624*10^(2);
    -2.999550067475*10^(-4),	1.423479490806*10^(2);
    -2.999550067475*10^(-4),	1.445685997171*10^(2);
    -2.999550067475*10^(-4),	1.473444130127*10^(2);
    -2.999550067475*10^(-4),	1.506753889675*10^(2);
    -2.999550067475*10^(-4),	1.523408769448*10^(2);
    -3.774433834925*10^(-2),	1.540063649222*10^(2);
    -2.999550067475*10^(-4),	1.562270155587*10^(2);
    -2.999550067475*10^(-4),	1.578925035361*10^(2);
    -2.999550067475*10^(-4),	1.595579915134*10^(2);
    -2.999550067475*10^(-4),	1.612234794908*10^(2);
    -2.999550067475*10^(-4),	1.634441301273*10^(2);
    -2.999550067475*10^(-4),	1.645544554455*10^(2);
    -2.999550067475*10^(-4),	1.667751060820*10^(2);
    -2.999550067475*10^(-4),	1.689957567185*10^(2);
    -2.999550067475*10^(-4),	1.723267326733*10^(2);
    -2.999550067475*10^(-4),	1.756577086280*10^(2);
    -2.999550067475*10^(-4),	1.778783592645*10^(2);
    -2.999550067475*10^(-4),	1.795438472419*10^(2);
    -2.999550067475*10^(-4),	1.823196605375*10^(2);
    -2.999550067475*10^(-4),	1.845403111740*10^(2);
    -2.999550067475*10^(-4),	1.873161244696*10^(2);
    -2.999550067475*10^(-4),	1.900919377652*10^(2);
    -2.999550067475*10^(-4),	1.928677510608*10^(2);
    -2.999550067475*10^(-4),	1.950884016973*10^(2);
    -2.999550067475*10^(-4),	1.967538896747*10^(2);
    -2.999550067475*10^(-4),	2.011951909477*10^(2);
    -2.999550067475*10^(-4),	2.028606789250*10^(2);
    -2.999550067475*10^(-4),	2.050813295615*10^(2);
    -2.999550067475*10^(-4),	2.073019801980*10^(2);
    -2.999550067475*10^(-4),	2.089674681754*10^(2);
    -2.999550067475*10^(-4),	2.106329561528*10^(2);
    -2.999550067475*10^(-4),	2.134087694484*10^(2);
    -2.999550067475*10^(-4),	2.150742574257*10^(2);
    -2.999550067475*10^(-4),	2.178500707214*10^(2);
    -3.774433834925*10^(-2),	2.200707213579*10^(2);
    -3.774433834925*10^(-2),	2.234016973126*10^(2);
    -2.999550067475*10^(-4),	2.272878359264*10^(2);
    -2.999550067475*10^(-4),	2.295084865629*10^(2);
    -2.999550067475*10^(-4),	2.306188118812*10^(2);
    -2.999550067475*10^(-4),	2.322842998586*10^(2);
    -2.999550067475*10^(-4),	2.339497878359*10^(2);
    -2.999550067475*10^(-4),	2.356152758133*10^(2);
    -2.999550067475*10^(-4),	2.361704384724*10^(2);
